<!DOCTYPE svg PUBLIC "-//W3C//DTD SVG 20010904//EN" "http://www.w3.org/TR/2001/REC-SVG-20010904/DTD/svg10.dtd">
<svg version="1.0" xmlns="http://www.w3.org/2000/svg" width="147px" height="91px" viewBox="0 0 1470 910" preserveAspectRatio="xMidYMid meet">
<g id="layer1" fill="#000000" stroke="none">
 <path d="M0 455 l0 -455 735 0 735 0 0 455 0 455 -735 0 -735 0 0 -455z m245 351 c57 -14 160 -27 342 -41 l82 -7 148 -130 c223 -196 190 -178 313 -168 58 5 126 12 153 16 26 3 47 2 47 -2 0 -16 -81 -141 -108 -167 -128 -122 -473 -40 -808 192 -175 122 -294 249 -294 317 0 24 -6 25 125 -10z m1152 -73 c-3 -54 -11 -114 -17 -134 -12 -43 -11 -43 -207 -60 l-131 -11 -130 115 -130 115 76 7 c241 19 337 29 427 45 55 10 104 18 109 19 5 1 6 -41 3 -96z"/>
 </g>
<g id="layer2" fill="#e42319" stroke="none">
 <path d="M111 847 c-51 -51 88 -220 303 -368 280 -194 580 -289 737 -234 56 20 109 71 159 155 62 102 59 105 -82 90 -57 -5 -126 -12 -154 -15 l-51 -5 -129 112 c-71 61 -150 130 -176 153 -46 41 -51 43 -130 49 -183 15 -286 28 -343 42 -116 31 -123 32 -134 21z"/>
 <path d="M1315 835 c-77 -15 -307 -40 -457 -50 -54 -4 -100 -11 -103 -15 -3 -5 26 -35 63 -67 38 -32 103 -89 145 -127 l77 -68 132 11 c176 15 197 20 213 45 35 53 47 279 15 282 -8 1 -46 -4 -85 -11z"/>
 </g>

</svg>
